1744500489.041964293
1745710490.234563351
1745710507.985916615
1744500466.852974415
1744500483.091270924
1745710507.582461834
1745710506.069601059
1745710468.448821545
1743907383.779245138
1743907386.099051476
1743907386.401619434
1743907376.113877296
1743907372.281234980
1745710468.549684763
1743907378.736293316
1744500477.039716721
1743907370.364892483
1743907370.465753555
1745710472.785820484
1743907371.070887089
1745710504.153247833
1745710478.938308716
1743907384.989577293
1743907379.139695883
1745710487.107933521
1744500462.516003132
1744500478.250027657
1744500480.267214537
1744500465.743507385
1744500463.928039551
1745710494.571536541
1743907374.197531223
1744500464.129758358
1745710497.395637035
1744500468.264975071
1745710472.281563759
1743907385.998174906
1743907384.182726860
1745710476.013331890
1745710489.326849937
1745710502.236910820
1743907369.457117081
1745710486.704468966
1744500478.855195045
1745710472.079813480
1745710497.597363472
1743907369.053719044
1745710468.650559187
1744500484.301560640
1744500468.466688156
1744500489.747967482
1744500489.142810583
1745710486.099314213
1745710470.163481474
1745710481.358897924
1744500473.509658575
1745710502.942894220
1743907369.759718895
1745710478.030520916
1745710486.805337667
1744500467.659803629
1745710497.093065739
1745710502.842068195
1744500465.440914631
1745710487.511375427
1744500475.829420090
1744500488.638522625
1744500462.112561703
1745710498.908506870
1743907378.030255318
1744500468.567542553
1743907376.517342567
1744500477.846579552
1745710486.502757549
1744500476.333708286
1745710479.140026093
1745710504.960148811
1743907381.762039661
1745710493.663831949
1743907377.223385334
1745710476.820225716
1745710489.225971699
1745710489.730286360
1744500479.662072897
1745710484.989860535
1743907381.056053638
1744500469.677022934
1743907375.105293274
1745710468.247120380
1743907369.961461544
1744500487.932512283
1745710492.352646351
1743907373.491572857
1744500489.344521999
1744500480.771515369
1744500483.292977095
1745710483.174382448
1744500463.020317793
1745710494.672381401
1744500482.385236740
1743907384.687024117
1744500479.258632421
1744500468.870132446
1744500479.561209679
1744500462.818568707
1744500460.397965670
1744500467.760669231
1745710482.468354940
1745710474.903898954
1744500477.745760441
1744500483.797291756
1743907372.987262964
1744500485.007582188
1745710482.064934731
1743907370.869189262
1744500461.910844803
1743907381.560338497
1745710496.487919807
1745710479.644312859
1745710493.462092876
1745710480.148612976
1745710477.929670811
1745710492.453491449
1743907372.180347919
1744500461.103983164
1743907368.549378872
1745710500.118878365
1744500461.507422686
1745710484.586421013
1745710505.363574505
1744500466.651218414
1745710477.727952957
1745710473.693532944
1745710473.390969992
1743907379.946562290
1744500487.529074669
1745710492.957823277
1744500469.979601622
1745710502.640342236
1743907371.373447895
1745710469.961759806
1744500475.022552013
1744500462.011726141
1745710501.631762505
1745710495.277580976
1745710504.354933262
1745710488.923431396
1744500487.125625134
1745710470.264331579
1743907373.693260193
1745710477.425366879
1744500481.477513552
1745710504.455837250
1745710493.562972069
1744500485.511888981
1744500475.728554249
1745710483.981287479
1744500480.569798946
1744500461.406558037
1743907380.249166965
1745710484.485559225
1745710476.315917253
1744500486.520484924
1745710503.043777704
1744500482.687834024
1743907377.626813412
1744500460.801412582
1744500460.700532436
1745710495.681031466
1744500466.046068192
1745710491.142334461
1743907385.695623159
1744500482.586979628
1744500471.795056343
1745710496.689622164
1744500468.063242912
1743907372.482939243
1744500462.919443369
1745710481.964063883
1743907382.972380161
1745710496.588733196
1745710501.530868769
1745710496.992170334
1745710481.661481857
1743907371.676035404
1744500468.164129734
1745710488.721688271
1745710475.811618805
1744500485.915327072
1745710474.097003222
1744500475.325127125
1743907385.292178631
1743907379.240570068
1744500487.327352524
1743907379.543134212
1744500481.981825590
1743907380.753479958
1745710469.860872030
1745710477.324495316
1743907386.199921370
1745710489.427675724
1744500466.752105236
1743907374.802708864
1744500488.436783791
1744500474.417400360
1743907368.751143456
1745710484.384721756
1745710469.558297396
1745710467.843699455
1745710501.329155207
1745710503.144624233
1745710475.509057283
1744500464.634043694
1745710492.756076813
1745710470.667750835
1745710470.970321655
1743907372.684669018
1745710502.136064053
1745710481.863214493
1744500476.837993860
1745710492.554352522
1745710494.975003719
1744500476.636274099
1745710487.007055283
1743907371.978625536
1745710491.949225903
1743907378.534567833
1745710476.416775227
1745710499.211228371
1744500464.835747480
1745710501.732599974
1745710468.751600742
1744500479.762917995
1745710499.009397507
1744500481.679249287
1745710481.560619354
1745710479.341723919
1745710485.796746969
1745710500.421454191
1745710505.767031431
1745710506.573868513
1745710477.526230812
1745710497.698236465
1745710475.912501335
1744500480.065508366
1744500478.451751232
1745710500.018008709
1744500479.460333347
1744500482.082685709
1745710501.430043697
1745710496.185345888
1744500477.543996334
1744500480.872371197
1745710486.906175613
1745710487.410502195
1745710491.444914818
1743907379.643997192
1743907384.283559322
1745710480.249460697
1744500486.117036819
1744500472.601914883
1745710494.067259789
1744500487.730782986
1744500478.754320145
1743907371.776897430
1745710497.294758797
1744500471.694356680
1744500471.895907402
1745710476.215040684
1745710470.768628597
1743907384.485289097
1745710506.372161865
1745710492.150938988
1743907376.013047695
1745710475.408179760
1743907376.819921017
1744500477.947454929
1743907373.088069677
1745710474.702135086
1744500484.705019712
1745710495.479304790
1744500481.376660347
1744500471.492468357
1744500466.247790337
1744500470.988165617
1745710478.232266188
1743907382.165497780
1743907380.450902939
1745710478.333115339
1745710471.676371098
1743907376.416484356
1745710474.298697948
1745710495.075862885
1745710493.159533501
1743907368.851988792
1743907370.264042377
1744500476.131991863
1745710477.122798681
1745710506.674745083
1744500489.546258688
1743907374.903576136
1745710472.584107399
1745710469.255712032
1744500466.348656178
1745710478.635693550
1744500485.411034346
1745710494.369839191
1744500469.374433517
1745710499.110255003
1744500480.973209381
1743907383.880120277
1745710500.925730228
1745710506.271311760
1744500460.902280807
1744500467.962408781
1745710470.869496346
1743907368.650262594
1743907379.845721245
1745710485.998464346
1745710507.481613159
1744500481.275784969
1744500485.310175419
1744500461.709159374
1743907382.669825077
1744500486.016180754
1745710485.090734959
1744500484.200712204
1745710479.745143890
1745710489.931974173
1743907377.525955200
1745710480.652885437
1744500475.930274963
1745710495.882749557
1744500479.056908607
1744500464.432337761
1745710481.762362003
1744500464.028906345
1744500474.921674490
1745710480.350322247
1744500460.498827934
1745710474.803042889
1743907375.004438877
1745710481.258040428
1744500470.887297630
1743907385.393033028
1745710488.419123888
1745710494.470706940
1744500467.054667950
1743907372.382081032
1745710476.618522167
1744500488.941090584
1744500471.290749073
1744500485.612755299
1743907383.980993271
1745710490.738867998
1743907380.047415733
1744500486.923940182
1744500473.106217623
1744500472.400213718
1745710499.513708115
1745710499.614544392
1745710488.620846272
1744500482.486116886
1744500483.192123652
1745710482.770948410
1744500468.668424368
1745710485.393315554
1745710470.566903353
1745710499.715409756
1743907370.062319756
1744500470.786466599
1745710484.788123608
1744500475.526836395
1744500472.702778101
1744500474.114843369
1744500469.576159954
1743907375.710481167
1745710483.577841759
1744500479.964643240
1745710489.831217289
1743907368.448546171
1745710501.127442360
1745710471.373772144
1744500489.243664980
1744500473.913097620
1745710492.856928349
1745710501.833494663
1743907381.963788509
1745710470.466024637
1743907370.566589832
1745710506.775623322
1745710476.719373226
1745710497.496470451
1743907379.744853020
1744500476.232826710
1745710506.472997189
1745710503.850660324
1743907369.154607058
1743907379.442257881
1744500467.558958530
1745710495.378426552
1745710507.784213305
1745710482.266639709
1744500476.031128883
1744500463.121174812
1745710503.548102617
1745710496.891330719
1744500474.013926506
1745710503.447242022
1744500465.239204884
1745710489.629425764
1744500480.468924999
1745710498.605955839
1745710506.977317333
1743907374.500164509
1745710502.539486408
1744500466.146940708
1744500476.535416842
1743907381.358603001
1745710502.741180897
1744500475.123395920
1745710478.736574650
1745710485.494133472
1745710469.356559992
1743907375.609595776
1744500480.670649052
1744500463.222029686
1745710480.955476284
1745710493.361259460
1745710489.528690338
1745710505.262714148
1744500484.503302097
1745710471.777233124
1744500470.282169104
1745710484.182960987
1745710486.603668213
1745710470.365179777
1744500487.831646442
1745710473.491830826
1744500479.157737494
1745710483.073532343
1745710482.569220066
1745710499.412810802
1745710491.344052076
1744500469.878714561
1745710501.228324413
1745710486.401907444
1745710493.764684200
1745710498.505084038
1743907377.425093651
1744500471.391627789
1745710498.405057907
1745710479.039154768
1743907381.862923622
1744500489.445391178
1745710495.983595371
1744500470.080427647
1744500488.335956335
1745710475.105604649
1745710498.807668686
1745710497.193901062
1745710490.537145138
1745710475.609914780
1744500465.844369411
1745710486.200195074
1745710491.243207216
1743907385.796445608
1745710477.828794479
1745710487.208777905
1745710491.041466713
1745710471.575495720
1745710507.179033995
1743907373.995854378
1744500481.174950123
1745710472.886674643
1743907386.603356600
1745710493.058683872
1745710490.335413933
1743907372.583812714
1744500485.814460039
1745710488.015674114
1744500484.604161978
1744500465.642638683
1744500485.108457565
1745710503.648953438
1745710500.320555687
1744500473.812238455
1744500472.198487282
1743907375.307006598
1744500477.342307329
1743907368.952847004
1745710479.846004486
1744500480.166366577
1744500464.533185482
1744500489.647117138
1744500463.726322651
1743907381.257751703
1745710500.724018335
1745710473.592705727
1744500482.284396172
1745710493.260385036
1743907377.727670193
1743907380.652626991
1745710468.852373600
1744500477.644885063
1743907370.768322945
1745710487.914823532
1744500475.425987720
1745710472.382374525
1745710505.867890596
1743907380.551750898
1745710490.133719444
1745710507.078174114
1744500468.365821123
1745710493.966375828
1745710477.021924973
1745710498.202526093
1745710469.457449436
1745710480.552034855
1743907378.433667183
1744500475.627714396
1744500466.953812838
1745710494.268961430
1743907372.079492569
1745710474.197875023
1745710497.799103260
1743907372.785544157
1745710470.062597990
1745710488.519951820
1743907382.367215157
1744500478.552598953
1743907379.341407299
1743907377.122523546
1743907385.191302776
1744500468.769268036
1745710499.312016010
1744500478.956053257
1744500464.734926939
1744500478.350905895
1744500473.005344629
1744500486.217916489
1743907375.811299324
1744500472.097619295
1743907376.315628529
1745710490.638024330
1745710504.556685448
1745710471.978938580
1745710484.687308788
1743907382.871546268
1745710501.934337139
1744500474.518279076
1745710494.168120384
1745710481.459799767
1745710475.710752487
1744500461.003130436
1744500488.235090733
1745710468.953115940
1743907382.568961620
1743907373.390678883
1743907383.375829220
1745710478.837422848
1743907373.289836884
1744500483.494696379
1745710502.035166740
1744500488.840244532
1744500481.578388691
1744500467.357250214
1745710496.790482759
1744500476.938868284
1743907378.332821369
1745710481.056314468
1744500471.593321323
1744500465.945238590
1743907382.266386509
1745710469.154846191
1744500464.331474304
1743907385.493894577
1745710482.165769339
1745710479.442586422
1744500474.820827246
1744500467.155544281
1743907369.356260300
1745710505.968736410
1744500478.149183750
1744500484.402426720
1745710485.897609711
1745710498.305349827
1744500462.314303875
1744500484.099875927
1745710500.219726563
1744500463.625465870
1745710478.534819126
1743907369.557972908
1744500470.384593487
1745710474.601315498
1745710477.627099037
1743907374.701868773
1745710498.000798464
1745710500.824844599
1744500478.653478146
1743907384.081856251
1744500479.863783836
1745710503.951506853
1743907386.300776482
1744500482.183540344
1743907381.156890392
1744500462.415155888
1745710469.659182549
1744500487.428215504
1744500461.305706501
1745710472.180683613
1743907382.468092918
1743907375.407973528
1745710487.713078499
1744500460.599687099
1743907382.064665318
1743907375.206180573
1745710476.114200830
1745710485.292423248
1743907384.787844658
1743907383.476675272
1745710499.917145252
1744500486.419605255
1745710488.822568655
1745710491.747471333
1744500463.322861910
1744500467.458115101
1743907385.594769001
1743907375.912181377
1744500472.501053095
1744500465.541772842
1745710471.878103971
1743907371.474303722
1745710476.921056747
1744500471.996773720
1745710475.004731894
1745710505.565247536
1744500488.033361435
1744500473.307944775
1744500486.621341705
1745710493.865508795
1745710488.116530895
1745710505.161844254
1744500481.074079752
1744500462.213436604
1744500471.189897299
1744500462.717717171
1744500483.595583916
1745710492.655205727
1744500483.696411848
1745710471.172051668
1745710501.026594639
1744500483.999013662
1743907376.214755535
1745710492.251756907
1745710488.318247318
1745710481.157191753
1744500474.619099140
1745710483.376124382
1745710495.176693916
1743907377.929386616
1743907378.837102175
1744500465.340074062
1745710489.125140190
1745710504.052360535
1745710487.813946724
1745710483.275241613
1744500483.898137093
1745710504.657569647
1743907382.770693302
1745710506.876473904
1743907369.860578060
1744500474.719955921
1745710492.050071239
1745710487.309662819
